Track hypotheses (TH) number: 28
 
------------------------------------------------------
Var 1:
TH weights:
w = 
    7.7132    0.2075    8.2374    5.9904    6.9791    1.1240    0.3961    3.8027    0.3382    1.1484    0.6854    9.5339    0.0355    6.6585    2.4379    7.9628    4.3305    3.5025    4.5889   10.0041    2.7127    0.4265    2.2400    1.3483    5.7438    1.3020    3.7066    7.6971

TH compatibility matrix:
   0   1   1   1   1   1   1   1   1   1   1   0   0   0   1   1   1   1   1   1   1   1   1   1   1   1   1   1
   0   0   1   1   1   1   1   1   1   1   1   1   1   1   1   1   1   1   1   1   1   1   1   1   1   0   1   1
   0   0   0   1   1   1   0   1   1   1   1   1   0   1   1   1   1   1   0   1   1   0   1   1   1   1   1   1
   0   0   0   0   1   1   1   1   1   1   1   1   1   1   1   1   0   0   0   0   1   1   1   1   1   1   0   1
   0   0   0   0   0   1   1   1   1   1   1   1   1   1   1   1   0   1   1   1   1   1   1   1   1   1   1   1
   0   0   0   0   0   0   1   1   1   0   1   1   1   1   1   0   0   1   1   1   1   1   1   1   1   1   1   1
   0   0   0   0   0   0   0   1   1   1   1   1   1   1   1   1   1   1   1   1   1   0   1   1   1   1   1   1
   0   0   0   0   0   0   0   0   0   1   1   1   1   1   1   1   1   1   1   1   0   1   1   1   0   1   1   1
   0   0   0   0   0   0   0   0   0   1   1   1   1   1   0   1   0   1   1   1   1   1   1   1   0   1   1   1
   0   0   0   0   0   0   0   0   0   0   1   1   1   1   1   1   1   1   1   1   1   1   1   1   1   1   1   1
   0   0   0   0   0   0   0   0   0   0   0   1   1   1   1   1   1   1   1   1   1   1   1   1   1   1   1   1
   0   0   0   0   0   0   0   0   0   0   0   0   1   1   1   1   1   1   1   1   0   1   1   1   1   1   1   1
   0   0   0   0   0   0   0   0   0   0   0   0   0   1   1   1   1   1   1   1   0   1   1   1   1   0   1   1
   0   0   0   0   0   0   0   0   0   0   0   0   0   0   1   1   1   1   1   1   1   1   1   1   1   1   1   0
   0   0   0   0   0   0   0   0   0   0   0   0   0   0   0   1   1   1   1   1   1   1   1   1   1   1   1   1
   0   0   0   0   0   0   0   0   0   0   0   0   0   0   0   0   1   0   1   1   1   1   1   1   1   1   1   1
   0   0   0   0   0   0   0   0   0   0   0   0   0   0   0   0   0   1   1   1   1   1   1   1   1   1   1   1
   0   0   0   0   0   0   0   0   0   0   0   0   0   0   0   0   0   0   1   1   1   1   0   1   1   1   1   1
   0   0   0   0   0   0   0   0   0   0   0   0   0   0   0   0   0   0   0   1   1   1   1   1   1   1   1   0
   0   0   0   0   0   0   0   0   0   0   0   0   0   0   0   0   0   0   0   0   1   1   1   1   1   1   1   1
   0   0   0   0   0   0   0   0   0   0   0   0   0   0   0   0   0   0   0   0   0   1   1   1   1   1   1   1
   0   0   0   0   0   0   0   0   0   0   0   0   0   0   0   0   0   0   0   0   0   0   1   1   1   1   1   1
   0   0   0   0   0   0   0   0   0   0   0   0   0   0   0   0   0   0   0   0   0   0   0   1   1   1   1   1
   0   0   0   0   0   0   0   0   0   0   0   0   0   0   0   0   0   0   0   0   0   0   0   0   1   1   1   1
   0   0   0   0   0   0   0   0   0   0   0   0   0   0   0   0   0   0   0   0   0   0   0   0   0   1   1   1
   0   0   0   0   0   0   0   0   0   0   0   0   0   0   0   0   0   0   0   0   0   0   0   0   0   0   1   1
   0   0   0   0   0   0   0   0   0   0   0   0   0   0   0   0   0   0   0   0   0   0   0   0   0   0   0   1
   0   0   0   0   0   0   0   0   0   0   0   0   0   0   0   0   0   0   0   0   0   0   0   0   0   0   0   0

Complete search (recursion):
Elapsed time is 242.681761 seconds.
Global hypotheses (GH) total number: 544
 
           TH1    TH2    TH3    TH4    TH5    TH6    TH7    TH8    TH9    TH10    TH11    TH12    TH13    TH14    TH15    TH16    TH17    TH18    TH19    TH20    TH21    TH22    TH23    TH24    TH25    TH26    TH27    TH28    sum(w)
           ___    ___    ___    ___    ___    ___    ___    ___    ___    ____    ____    ____    ____    ____    ____    ____    ____    ____    ____    ____    ____    ____    ____    ____    ____    ____    ____    ____    ______

    GH1     1      0      1      0      1      0      0      0      0      1       1       0       0       0       1       1       0       0       0       1       1       0       1       1       1       1       1       1      69.919
    GH2     0      0      1      0      1      0      0      0      0      1       1       1       0       0       1       1       0       0       0       1       0       0       1       1       1       1       1       1      69.027
    GH3     1      1      1      0      1      0      0      0      0      1       1       0       0       0       1       1       0       0       0       1       1       0       1       1       1       0       1       1      68.824
    GH4     0      0      1      0      1      0      0      0      0      1       1       1       0       1       1       1       0       0       0       1       0       0       1       1       1       1       1       0      67.988
    GH5     0      1      1      0      1      0      0      0      0      1       1       1       0       0       1       1       0       0       0       1       0       0       1       1       1       0       1       1      67.932
    GH6     1      0      1      0      0      0      0      0      0      1       1       0       0       0       1       1       1       0       0       1       1       0       1       1       1       1       1       1       67.27
    GH7     0      0      1      0      1      0      0      1      0      1       1       1       0       0       1       1       0       0       0       1       0       0       1       1       0       1       1       1      67.086
    GH8     0      1      1      0      1      0      0      0      0      1       1       1       0       1       1       1       0       0       0       1       0       0       1       1       1       0       1       0      66.894

Mixed-Integer Linear Programming 1-st best solution:
Elapsed time is 0.113665 seconds.
           TH1    TH2    TH3    TH4    TH5    TH6    TH7    TH8    TH9    TH10    TH11    TH12    TH13    TH14    TH15    TH16    TH17    TH18    TH19    TH20    TH21    TH22    TH23    TH24    TH25    TH26    TH27    TH28    sum(w)
           ___    ___    ___    ___    ___    ___    ___    ___    ___    ____    ____    ____    ____    ____    ____    ____    ____    ____    ____    ____    ____    ____    ____    ____    ____    ____    ____    ____    ______

    GH1     1      0      1      0      1      0      0      0      0      1       1       0       0       0       1       1       0       0       0       1       1       0       1       1       1       1       1       1      69.919

------------------------------------------------------
Var 2:
TH weights:
w = 
    1.0817    7.1173    4.4688    0.0698   12.6519    0.9522    0.7624    0.0824    6.1101    3.6339    0.4835    3.0345    0.6698    4.9365   13.5124    9.9801    6.0955    7.4794    7.3468    2.8789    1.0727    5.5657    5.2926    5.7458    0.6636    1.0560    1.4787    7.1695

TH compatibility matrix:
   0   1   1   1   1   1   1   1   1   0   0   1   1   1   1   1   1   1   1   1   1   1   1   1   1   1   1   1
   0   0   1   1   1   1   1   1   1   1   1   1   1   0   1   1   1   1   1   1   1   1   1   0   1   1   1   1
   0   0   0   0   1   1   1   1   1   1   1   1   1   1   1   1   1   1   1   1   1   1   1   1   1   1   1   1
   0   0   0   0   1   1   1   1   1   1   1   1   1   1   1   1   1   0   1   1   1   1   1   1   1   1   1   1
   0   0   0   0   0   1   1   1   1   1   1   0   1   1   1   1   1   1   1   1   1   1   1   0   1   1   1   1
   0   0   0   0   0   0   1   1   1   1   1   1   1   1   1   1   0   1   1   0   1   1   1   1   1   1   1   1
   0   0   0   0   0   0   0   1   1   1   1   1   1   1   1   1   1   1   0   1   1   1   1   1   1   1   1   1
   0   0   0   0   0   0   0   0   1   1   1   1   1   1   1   1   1   1   1   1   1   1   1   1   1   1   1   1
   0   0   0   0   0   0   0   0   0   1   1   1   1   1   1   1   1   1   1   1   1   1   1   1   1   1   1   1
   0   0   0   0   0   0   0   0   0   0   1   1   1   1   1   0   1   1   1   1   1   1   1   1   1   1   1   1
   0   0   0   0   0   0   0   0   0   0   0   1   1   1   1   0   1   1   1   1   1   1   1   1   1   1   1   1
   0   0   0   0   0   0   0   0   0   0   0   0   1   1   1   1   1   1   1   1   1   1   0   1   1   1   1   1
   0   0   0   0   0   0   0   0   0   0   0   0   0   1   0   1   1   1   1   1   1   1   1   1   1   1   1   1
   0   0   0   0   0   0   0   0   0   0   0   0   0   0   1   1   1   1   0   0   1   1   1   1   0   1   1   1
   0   0   0   0   0   0   0   0   0   0   0   0   0   0   0   1   1   1   1   1   1   1   1   1   1   1   1   1
   0   0   0   0   0   0   0   0   0   0   0   0   0   0   0   0   1   1   1   1   1   1   0   1   1   1   1   1
   0   0   0   0   0   0   0   0   0   0   0   0   0   0   0   0   0   1   1   1   1   1   1   1   1   1   1   1
   0   0   0   0   0   0   0   0   0   0   0   0   0   0   0   0   0   0   1   1   1   1   1   1   0   1   0   1
   0   0   0   0   0   0   0   0   0   0   0   0   0   0   0   0   0   0   0   1   1   1   0   1   1   1   1   1
   0   0   0   0   0   0   0   0   0   0   0   0   0   0   0   0   0   0   0   0   1   1   1   1   1   1   0   0
   0   0   0   0   0   0   0   0   0   0   0   0   0   0   0   0   0   0   0   0   0   1   1   1   1   1   1   1
   0   0   0   0   0   0   0   0   0   0   0   0   0   0   0   0   0   0   0   0   0   0   1   1   1   1   1   1
   0   0   0   0   0   0   0   0   0   0   0   0   0   0   0   0   0   0   0   0   0   0   0   1   1   1   1   1
   0   0   0   0   0   0   0   0   0   0   0   0   0   0   0   0   0   0   0   0   0   0   0   0   1   1   1   1
   0   0   0   0   0   0   0   0   0   0   0   0   0   0   0   0   0   0   0   0   0   0   0   0   0   1   1   1
   0   0   0   0   0   0   0   0   0   0   0   0   0   0   0   0   0   0   0   0   0   0   0   0   0   0   1   1
   0   0   0   0   0   0   0   0   0   0   0   0   0   0   0   0   0   0   0   0   0   0   0   0   0   0   0   1
   0   0   0   0   0   0   0   0   0   0   0   0   0   0   0   0   0   0   0   0   0   0   0   0   0   0   0   0

Complete search (recursion):
Elapsed time is 349.707360 seconds.
Global hypotheses (GH) total number: 338
 
           TH1    TH2    TH3    TH4    TH5    TH6    TH7    TH8    TH9    TH10    TH11    TH12    TH13    TH14    TH15    TH16    TH17    TH18    TH19    TH20    TH21    TH22    TH23    TH24    TH25    TH26    TH27    TH28    sum(w)
           ___    ___    ___    ___    ___    ___    ___    ___    ___    ____    ____    ____    ____    ____    ____    ____    ____    ____    ____    ____    ____    ____    ____    ____    ____    ____    ____    ____    ______

    GH1     1      1      1      0      1      0      0      1      1      0       0       0       0       0       1       1       1       1       1       0       1       1       0       0       0       1       0       1       90.79
    GH2     1      1      1      0      1      0      0      1      1      0       0       0       0       0       1       1       1       1       1       1       1       1       0       0       0       1       0       0        86.5
    GH3     1      1      1      0      1      1      0      1      1      0       0       0       0       0       1       1       0       1       1       0       1       1       0       0       0       1       0       1      85.647
    GH4     1      1      1      0      1      0      0      1      1      0       0       0       0       0       1       1       1       0       1       0       1       1       0       0       1       1       1       1      85.453
    GH5     1      1      1      0      1      0      1      1      1      0       0       0       0       0       1       1       1       1       0       0       1       1       0       0       0       1       0       1      84.206
    GH6     0      1      1      0      1      0      0      1      1      1       1       0       0       0       1       0       1       1       1       0       1       1       0       0       0       1       0       1      83.846
    GH7     0      1      1      0      1      0      1      1      1      1       1       0       0       0       1       0       1       1       0       0       1       1       1       0       0       1       0       1      82.554
    GH8     1      0      1      0      1      0      1      1      1      0       0       0       0       1       1       1       1       1       0       0       1       1       0       0       0       1       0       1      82.025

Mixed-Integer Linear Programming 1-st best solution:
Elapsed time is 0.009580 seconds.
           TH1    TH2    TH3    TH4    TH5    TH6    TH7    TH8    TH9    TH10    TH11    TH12    TH13    TH14    TH15    TH16    TH17    TH18    TH19    TH20    TH21    TH22    TH23    TH24    TH25    TH26    TH27    TH28    sum(w)
           ___    ___    ___    ___    ___    ___    ___    ___    ___    ____    ____    ____    ____    ____    ____    ____    ____    ____    ____    ____    ____    ____    ____    ____    ____    ____    ____    ____    ______

    GH1     1      1      1      0      1      0      0      1      1      0       0       0       0       0       1       1       1       1       1       0       1       1       0       0       0       1       0       1      90.79 

------------------------------------------------------
Var 3:
TH weights:
w = 
    9.4771    0.0483    1.6702    5.9095    3.3734   11.8191    0.5128   11.3789    1.4544    7.6433    2.5103    4.5230    2.0932    0.9200    2.8121    3.6581    0.1435    0.1758    5.2467    0.2909    2.7478    1.4616    1.8483    0.5875   10.9291    1.5577    8.8031    1.7361

TH compatibility matrix:
   0   1   1   1   0   1   1   1   1   1   1   1   1   1   1   0   1   1   1   1   0   0   1   1   1   1   1   1
   0   0   1   1   0   1   1   1   1   1   1   1   1   1   1   1   1   1   1   1   1   1   1   1   1   1   1   1
   0   0   0   0   1   1   0   1   1   0   0   1   1   1   1   1   1   1   1   1   1   0   1   1   1   1   1   1
   0   0   0   0   1   1   1   1   1   1   1   1   1   1   1   1   1   1   1   1   1   1   1   1   1   0   1   1
   0   0   0   0   0   1   1   1   0   1   1   1   1   1   0   1   1   1   1   0   1   1   1   1   0   1   1   1
   0   0   0   0   0   0   1   1   1   1   1   1   1   1   1   1   0   1   1   1   1   1   1   1   1   1   1   1
   0   0   0   0   0   0   0   1   1   1   0   1   0   1   0   1   0   1   1   1   1   1   0   1   1   1   1   1
   0   0   0   0   0   0   0   0   1   1   0   1   1   1   1   1   1   1   0   1   1   1   1   1   1   0   1   0
   0   0   0   0   0   0   0   0   0   1   1   1   1   1   1   1   1   0   1   0   1   1   1   1   1   1   0   1
   0   0   0   0   0   0   0   0   0   0   1   1   1   1   1   1   1   1   1   1   1   1   1   1   1   1   1   1
   0   0   0   0   0   0   0   0   0   0   0   1   1   1   1   1   1   1   1   1   1   1   1   1   0   1   1   1
   0   0   0   0   0   0   0   0   0   0   0   0   1   1   0   1   1   1   1   1   0   1   1   1   1   1   1   1
   0   0   0   0   0   0   0   0   0   0   0   0   0   1   1   1   1   1   0   1   1   1   1   1   1   1   1   1
   0   0   0   0   0   0   0   0   0   0   0   0   0   0   0   1   1   1   1   1   1   1   1   1   1   1   1   1
   0   0   0   0   0   0   0   0   0   0   0   0   0   0   0   1   0   1   1   1   1   1   1   1   1   1   1   1
   0   0   0   0   0   0   0   0   0   0   0   0   0   0   0   0   1   1   1   1   0   1   1   0   1   1   1   1
   0   0   0   0   0   0   0   0   0   0   0   0   0   0   0   0   0   0   1   1   1   0   1   1   1   1   1   1
   0   0   0   0   0   0   0   0   0   0   0   0   0   0   0   0   0   0   1   1   1   1   1   1   1   1   1   0
   0   0   0   0   0   0   0   0   0   0   0   0   0   0   0   0   0   0   0   1   1   1   1   1   1   1   1   1
   0   0   0   0   0   0   0   0   0   0   0   0   0   0   0   0   0   0   0   0   1   1   1   1   1   1   1   1
   0   0   0   0   0   0   0   0   0   0   0   0   0   0   0   0   0   0   0   0   0   1   1   1   1   1   1   1
   0   0   0   0   0   0   0   0   0   0   0   0   0   0   0   0   0   0   0   0   0   0   1   1   1   1   1   1
   0   0   0   0   0   0   0   0   0   0   0   0   0   0   0   0   0   0   0   0   0   0   0   1   1   1   1   1
   0   0   0   0   0   0   0   0   0   0   0   0   0   0   0   0   0   0   0   0   0   0   0   0   1   1   1   1
   0   0   0   0   0   0   0   0   0   0   0   0   0   0   0   0   0   0   0   0   0   0   0   0   0   1   1   1
   0   0   0   0   0   0   0   0   0   0   0   0   0   0   0   0   0   0   0   0   0   0   0   0   0   0   1   1
   0   0   0   0   0   0   0   0   0   0   0   0   0   0   0   0   0   0   0   0   0   0   0   0   0   0   0   1
   0   0   0   0   0   0   0   0   0   0   0   0   0   0   0   0   0   0   0   0   0   0   0   0   0   0   0   0

Complete search (recursion):
Elapsed time is 100.576180 seconds.
Global hypotheses (GH) total number: 408
 
           TH1    TH2    TH3    TH4    TH5    TH6    TH7    TH8    TH9    TH10    TH11    TH12    TH13    TH14    TH15    TH16    TH17    TH18    TH19    TH20    TH21    TH22    TH23    TH24    TH25    TH26    TH27    TH28    sum(w)
           ___    ___    ___    ___    ___    ___    ___    ___    ___    ____    ____    ____    ____    ____    ____    ____    ____    ____    ____    ____    ____    ____    ____    ____    ____    ____    ____    ____    ______

    GH1     1      1      0      1      0      1      0      1      0      1       0       1       1       1       0       0       0       1       0       1       0       0       1       1       1       0       1       0      76.447
    GH2     1      1      0      1      0      1      0      1      0      1       0       0       1       0       1       0       0       1       0       1       0       0       1       1       1       0       1       0      73.816
    GH3     1      1      0      1      0      1      1      1      0      1       0       1       0       1       0       0       0       1       0       1       0       0       0       1       1       0       1       0      73.018
    GH4     0      1      0      1      0      1      0      1      0      1       0       1       1       1       0       1       0       1       0       1       0       1       1       0       1       0       1       0      71.502
    GH5     1      1      0      1      0      1      0      0      0      1       0       1       0       1       0       0       0       0       1       1       0       0       1       1       1       0       1       1      69.782
    GH6     0      1      0      1      0      1      0      1      0      1       0       0       1       0       1       1       0       1       0       1       0       1       1       0       1       0       1       0      68.871
    GH7     1      1      0      1      0      1      0      1      1      1       0       1       1       1       0       0       0       0       0       0       0       0       1       1       1       0       0       0      68.632
    GH8     0      1      0      1      0      1      0      1      0      1       0       0       1       0       1       0       0       1       0       1       1       1       1       1       1       0       1       0      68.548

Mixed-Integer Linear Programming 1-st best solution:
Elapsed time is 0.006135 seconds.
           TH1    TH2    TH3    TH4    TH5    TH6    TH7    TH8    TH9    TH10    TH11    TH12    TH13    TH14    TH15    TH16    TH17    TH18    TH19    TH20    TH21    TH22    TH23    TH24    TH25    TH26    TH27    TH28    sum(w)
           ___    ___    ___    ___    ___    ___    ___    ___    ___    ____    ____    ____    ____    ____    ____    ____    ____    ____    ____    ____    ____    ____    ____    ____    ____    ____    ____    ____    ______

    GH1     1      1      0      1      0      1      0      1      0      1       0       1       1       1       0       0       0       1       0       1       0       0       1       1       1       0       1       0      76.447

------------------------------------------------------
Var 4:
TH weights:
w = 
    5.3482    6.3920    2.3209    0.0834    1.5250    0.2432    3.0602    9.5316    5.7021    5.0775    2.3739   10.5834    0.6330    3.5885    7.3612   12.3753   10.1655    3.2389    0.4239    0.7724    8.8819    2.1956    1.3796    0.3698    0.1812    0.2311    0.4017   12.0357

TH compatibility matrix:
   0   1   1   1   1   1   1   1   1   1   1   0   1   1   1   1   1   1   1   1   1   1   1   1   1   1   1   1
   0   0   1   1   1   1   1   1   0   1   1   1   1   1   1   1   1   1   1   1   1   1   1   1   1   1   1   1
   0   0   0   0   1   1   1   1   1   1   1   1   1   1   1   1   0   1   1   1   1   1   1   1   1   1   1   1
   0   0   0   0   1   1   1   1   1   1   0   1   1   1   1   1   1   1   1   1   1   1   1   1   1   1   1   1
   0   0   0   0   0   1   1   1   1   1   1   1   1   1   1   1   1   1   1   1   0   1   1   1   1   1   1   1
   0   0   0   0   0   0   1   1   0   1   1   1   1   1   1   0   0   1   0   1   1   1   1   1   1   1   1   1
   0   0   0   0   0   0   0   1   1   1   1   1   0   1   1   1   1   1   0   0   1   1   1   0   1   1   1   1
   0   0   0   0   0   0   0   0   1   1   1   1   1   1   0   1   1   1   0   1   1   1   1   1   1   1   1   1
   0   0   0   0   0   0   0   0   0   0   1   1   1   1   1   1   1   1   1   1   1   1   1   0   1   1   1   1
   0   0   0   0   0   0   0   0   0   0   1   1   1   1   0   1   1   1   0   1   1   1   1   0   1   1   1   1
   0   0   0   0   0   0   0   0   0   0   0   1   1   1   1   1   1   1   1   1   1   1   1   1   1   1   1   1
   0   0   0   0   0   0   0   0   0   0   0   0   1   1   1   1   1   1   1   0   1   1   1   1   1   1   1   1
   0   0   0   0   0   0   0   0   0   0   0   0   0   1   1   1   1   1   1   0   1   0   0   1   1   1   0   1
   0   0   0   0   0   0   0   0   0   0   0   0   0   0   1   1   1   1   1   1   1   1   0   1   1   1   1   1
   0   0   0   0   0   0   0   0   0   0   0   0   0   0   0   1   1   1   1   1   1   1   1   0   1   1   1   1
   0   0   0   0   0   0   0   0   0   0   0   0   0   0   0   0   1   1   0   1   0   1   0   1   1   1   1   1
   0   0   0   0   0   0   0   0   0   0   0   0   0   0   0   0   0   1   1   1   1   0   1   1   1   1   1   1
   0   0   0   0   0   0   0   0   0   0   0   0   0   0   0   0   0   0   1   1   0   1   1   0   1   1   1   0
   0   0   0   0   0   0   0   0   0   0   0   0   0   0   0   0   0   0   0   0   1   1   0   1   0   1   1   1
   0   0   0   0   0   0   0   0   0   0   0   0   0   0   0   0   0   0   0   0   1   1   1   1   1   1   1   1
   0   0   0   0   0   0   0   0   0   0   0   0   0   0   0   0   0   0   0   0   0   1   1   1   1   1   1   1
   0   0   0   0   0   0   0   0   0   0   0   0   0   0   0   0   0   0   0   0   0   0   1   1   1   1   1   1
   0   0   0   0   0   0   0   0   0   0   0   0   0   0   0   0   0   0   0   0   0   0   0   0   1   1   1   1
   0   0   0   0   0   0   0   0   0   0   0   0   0   0   0   0   0   0   0   0   0   0   0   0   1   1   0   1
   0   0   0   0   0   0   0   0   0   0   0   0   0   0   0   0   0   0   0   0   0   0   0   0   0   1   1   1
   0   0   0   0   0   0   0   0   0   0   0   0   0   0   0   0   0   0   0   0   0   0   0   0   0   0   1   1
   0   0   0   0   0   0   0   0   0   0   0   0   0   0   0   0   0   0   0   0   0   0   0   0   0   0   0   1
   0   0   0   0   0   0   0   0   0   0   0   0   0   0   0   0   0   0   0   0   0   0   0   0   0   0   0   0

Complete search (recursion):
Elapsed time is 142.952039 seconds.
Global hypotheses (GH) total number: 542
 
           TH1    TH2    TH3    TH4    TH5    TH6    TH7    TH8    TH9    TH10    TH11    TH12    TH13    TH14    TH15    TH16    TH17    TH18    TH19    TH20    TH21    TH22    TH23    TH24    TH25    TH26    TH27    TH28    sum(w)
           ___    ___    ___    ___    ___    ___    ___    ___    ___    ____    ____    ____    ____    ____    ____    ____    ____    ____    ____    ____    ____    ____    ____    ____    ____    ____    ____    ____    ______

    GH1     0      1      0      0      1      0      1      1      0      1       1       1       0       1       0       1       1       0       0       0       0       0       0       0       1       1       1       1      77.523
    GH2     0      1      0      1      1      0      1      1      0      1       0       1       0       1       0       1       1       0       0       0       0       0       0       0       1       1       1       1      75.232
    GH3     0      1      0      0      1      0      0      1      0      1       1       1       1       1       0       1       1       0       0       0       0       0       0       0       1       1       0       1      74.694
    GH4     0      1      0      0      0      0      1      1      0      1       1       1       0       1       0       0       1       0       0       0       1       0       0       0       1       1       1       1      72.504
    GH5     0      1      0      1      1      0      0      1      0      1       0       1       1       1       0       1       1       0       0       0       0       0       0       0       1       1       0       1      72.403
    GH6     1      1      0      0      1      0      1      1      0      1       1       0       0       1       0       1       1       0       0       0       0       0       0       0       1       1       1       1      72.287
    GH7     0      1      1      0      1      0      1      1      0      1       1       1       0       1       0       1       0       0       0       0       0       1       0       0       1       1       1       1      71.874
    GH8     0      0      0      0      1      0      1      1      1      0       1       1       0       1       0       1       1       0       0       0       0       0       0       0       1       1       1       1      71.755

Mixed-Integer Linear Programming 1-st best solution:
Elapsed time is 0.006339 seconds.
           TH1    TH2    TH3    TH4    TH5    TH6    TH7    TH8    TH9    TH10    TH11    TH12    TH13    TH14    TH15    TH16    TH17    TH18    TH19    TH20    TH21    TH22    TH23    TH24    TH25    TH26    TH27    TH28    sum(w)
           ___    ___    ___    ___    ___    ___    ___    ___    ___    ____    ____    ____    ____    ____    ____    ____    ____    ____    ____    ____    ____    ____    ____    ____    ____    ____    ____    ____    ______

    GH1     0      1      0      0      1      0      1      1      0      1       1       1       0       1       0       1       1       0       0       0       0       0       0       0       1       1       1       1      77.523

------------------------------------------------------
Var 5:
TH weights:
w = 
    4.6990    0.8553    6.5872    0.4217    3.8528    1.9656    3.0156    5.2491    5.9713    9.1732    1.8075   10.5792    1.3916    0.7947    7.3069    4.0773    0.8153    4.1793    6.2139    2.8954    0.5987    2.0093    2.3013    4.9147   10.1747    1.8937    8.7152    2.8029

TH compatibility matrix:
   0   1   1   1   1   1   1   1   0   1   1   1   1   1   1   1   1   1   1   1   1   1   1   0   1   1   1   1
   0   0   1   1   1   1   1   1   1   1   1   1   1   1   1   1   1   1   1   1   1   0   1   1   1   1   1   1
   0   0   0   1   1   1   1   1   1   1   0   1   1   1   1   1   1   1   1   1   1   1   1   1   1   1   1   1
   0   0   0   0   1   1   1   1   1   1   1   1   1   1   1   0   1   1   1   1   1   0   1   1   1   1   0   1
   0   0   0   0   0   1   1   1   1   0   1   1   1   1   1   1   1   1   1   0   1   1   1   1   1   1   1   1
   0   0   0   0   0   0   1   1   1   1   1   1   1   1   1   1   1   1   1   1   1   1   1   1   1   1   1   1
   0   0   0   0   0   0   0   1   1   1   1   1   1   1   1   1   1   1   1   1   1   1   1   1   1   1   1   1
   0   0   0   0   0   0   0   0   1   0   0   1   1   1   1   1   1   1   1   1   1   1   1   1   1   1   1   1
   0   0   0   0   0   0   0   0   0   1   1   1   1   1   1   1   1   1   1   1   1   1   1   1   1   1   1   1
   0   0   0   0   0   0   0   0   0   0   1   1   0   0   1   0   1   1   1   1   1   1   1   1   1   0   1   1
   0   0   0   0   0   0   0   0   0   0   0   1   0   1   1   1   1   1   1   1   1   1   1   1   1   1   0   1
   0   0   0   0   0   0   0   0   0   0   0   0   1   1   1   1   1   1   0   1   1   1   1   1   1   0   1   1
   0   0   0   0   0   0   0   0   0   0   0   0   0   1   1   0   1   1   1   1   1   1   1   1   1   1   0   1
   0   0   0   0   0   0   0   0   0   0   0   0   0   0   1   1   1   1   1   1   1   1   1   1   1   1   1   1
   0   0   0   0   0   0   0   0   0   0   0   0   0   0   0   1   1   1   0   1   1   1   1   0   1   1   1   1
   0   0   0   0   0   0   0   0   0   0   0   0   0   0   0   0   1   1   1   1   0   0   0   1   1   1   1   1
   0   0   0   0   0   0   0   0   0   0   0   0   0   0   0   0   0   1   1   1   1   1   1   1   1   0   1   1
   0   0   0   0   0   0   0   0   0   0   0   0   0   0   0   0   0   0   1   1   0   1   1   1   1   1   1   1
   0   0   0   0   0   0   0   0   0   0   0   0   0   0   0   0   0   0   0   1   1   1   1   1   1   1   1   1
   0   0   0   0   0   0   0   0   0   0   0   0   0   0   0   0   0   0   0   0   1   1   1   1   1   1   1   1
   0   0   0   0   0   0   0   0   0   0   0   0   0   0   0   0   0   0   0   0   0   1   0   1   1   0   1   1
   0   0   0   0   0   0   0   0   0   0   0   0   0   0   0   0   0   0   0   0   0   0   1   1   1   1   1   1
   0   0   0   0   0   0   0   0   0   0   0   0   0   0   0   0   0   0   0   0   0   0   0   1   1   0   1   1
   0   0   0   0   0   0   0   0   0   0   0   0   0   0   0   0   0   0   0   0   0   0   0   0   1   1   1   1
   0   0   0   0   0   0   0   0   0   0   0   0   0   0   0   0   0   0   0   0   0   0   0   0   0   1   1   1
   0   0   0   0   0   0   0   0   0   0   0   0   0   0   0   0   0   0   0   0   0   0   0   0   0   0   1   1
   0   0   0   0   0   0   0   0   0   0   0   0   0   0   0   0   0   0   0   0   0   0   0   0   0   0   0   1
   0   0   0   0   0   0   0   0   0   0   0   0   0   0   0   0   0   0   0   0   0   0   0   0   0   0   0   0

Complete search (recursion):
Elapsed time is 165.215621 seconds.
Global hypotheses (GH) total number: 246
 
           TH1    TH2    TH3    TH4    TH5    TH6    TH7    TH8    TH9    TH10    TH11    TH12    TH13    TH14    TH15    TH16    TH17    TH18    TH19    TH20    TH21    TH22    TH23    TH24    TH25    TH26    TH27    TH28    sum(w)
           ___    ___    ___    ___    ___    ___    ___    ___    ___    ____    ____    ____    ____    ____    ____    ____    ____    ____    ____    ____    ____    ____    ____    ____    ____    ____    ____    ____    ______

    GH1     0      0      1      0      0      1      1      0      1      1       0       1       0       0       1       0       1       1       0       1       0       1       1       0       1       0       1       1      78.492
    GH2     0      1      1      0      0      1      1      0      1      1       0       1       0       0       1       0       1       1       0       1       0       0       1       0       1       0       1       1      77.338
    GH3     1      0      1      0      0      1      1      0      0      1       0       1       0       0       1       0       1       1       0       1       0       1       1       0       1       0       1       1       77.22
    GH4     0      1      1      0      1      1      1      1      1      0       0       1       0       1       1       1       1       1       0       0       0       0       0       0       1       0       1       1      76.942
    GH5     0      0      1      0      1      1      1      1      1      0       0       1       0       1       1       0       1       1       0       0       0       1       1       0       1       0       1       1       76.32
    GH6     0      0      1      0      0      1      1      0      1      1       0       1       0       0       0       0       1       1       0       1       0       1       1       1       1       0       1       1        76.1
    GH7     1      1      1      0      0      1      1      0      0      1       0       1       0       0       1       0       1       1       0       1       0       0       1       0       1       0       1       1      76.066
    GH8     0      1      1      0      0      1      1      1      1      0       0       1       0       1       1       1       1       1       0       1       0       0       0       0       1       0       1       1      75.985

Mixed-Integer Linear Programming 1-st best solution:
Elapsed time is 0.005981 seconds.
           TH1    TH2    TH3    TH4    TH5    TH6    TH7    TH8    TH9    TH10    TH11    TH12    TH13    TH14    TH15    TH16    TH17    TH18    TH19    TH20    TH21    TH22    TH23    TH24    TH25    TH26    TH27    TH28    sum(w)
           ___    ___    ___    ___    ___    ___    ___    ___    ___    ____    ____    ____    ____    ____    ____    ____    ____    ____    ____    ____    ____    ____    ____    ____    ____    ____    ____    ____    ______

    GH1     0      0      1      0      0      1      1      0      1      1       0       1       0       0       1       0       1       1       0       1       0       1       1       0       1       0       1       1      78.492

------------------------------------------------------
Var 6:
TH weights:
w = 
    3.1675    6.6133    0.2637    4.0571    0.3005    0.8572    0.4591    2.3349    3.7060    1.3350    7.6830    5.3640    7.2304    9.9809    2.8008    7.3822    6.7766    8.0717    2.9321    0.5269    3.4962    1.5995    1.2537    0.7469    0.3889    7.8722    1.2871    8.4070

TH compatibility matrix:
   0   1   1   1   0   1   1   1   1   1   1   1   1   1   1   1   1   1   1   1   1   1   1   1   1   1   1   1
   0   0   1   1   1   1   1   1   1   1   1   1   1   1   1   1   1   1   1   1   1   1   0   0   1   0   1   1
   0   0   0   1   1   1   1   1   1   1   0   1   0   1   0   0   1   1   1   1   1   1   1   1   1   1   1   1
   0   0   0   0   1   1   1   0   1   1   1   1   0   1   1   1   1   1   1   1   1   1   1   0   1   1   1   1
   0   0   0   0   0   0   1   1   1   1   1   1   1   1   0   1   1   1   1   0   1   1   1   1   1   1   1   1
   0   0   0   0   0   0   1   0   1   1   1   1   1   1   1   1   1   1   0   1   1   0   1   1   1   1   1   1
   0   0   0   0   0   0   0   1   1   1   1   1   1   0   1   1   1   1   1   1   1   1   0   1   1   0   1   1
   0   0   0   0   0   0   0   0   1   1   1   1   1   1   1   1   1   1   1   1   1   1   0   1   1   1   1   0
   0   0   0   0   0   0   0   0   0   1   1   1   1   1   1   1   1   1   0   1   1   1   1   1   1   1   1   1
   0   0   0   0   0   0   0   0   0   0   1   1   1   0   1   1   1   0   0   0   1   1   1   1   1   1   1   1
   0   0   0   0   0   0   0   0   0   0   0   1   1   1   1   1   1   1   1   1   1   1   1   1   1   1   1   1
   0   0   0   0   0   0   0   0   0   0   0   0   1   1   1   1   1   1   1   1   1   1   1   1   1   1   1   0
   0   0   0   0   0   0   0   0   0   0   0   0   0   1   1   1   1   1   1   1   1   1   1   0   1   1   1   1
   0   0   0   0   0   0   0   0   0   0   0   0   0   0   1   0   1   0   1   1   1   1   1   1   1   1   0   1
   0   0   0   0   0   0   0   0   0   0   0   0   0   0   0   1   1   1   1   1   1   1   1   1   1   1   1   1
   0   0   0   0   0   0   0   0   0   0   0   0   0   0   0   0   0   1   1   1   1   1   1   1   1   1   1   0
   0   0   0   0   0   0   0   0   0   0   0   0   0   0   0   0   0   1   1   1   1   1   1   1   1   1   1   1
   0   0   0   0   0   0   0   0   0   0   0   0   0   0   0   0   0   0   1   1   1   1   1   1   1   1   1   1
   0   0   0   0   0   0   0   0   0   0   0   0   0   0   0   0   0   0   0   1   1   1   1   1   1   1   0   1
   0   0   0   0   0   0   0   0   0   0   0   0   0   0   0   0   0   0   0   0   1   1   1   1   1   0   1   1
   0   0   0   0   0   0   0   0   0   0   0   0   0   0   0   0   0   0   0   0   0   1   1   1   1   1   1   1
   0   0   0   0   0   0   0   0   0   0   0   0   0   0   0   0   0   0   0   0   0   0   1   1   1   1   1   1
   0   0   0   0   0   0   0   0   0   0   0   0   0   0   0   0   0   0   0   0   0   0   0   1   1   1   0   1
   0   0   0   0   0   0   0   0   0   0   0   0   0   0   0   0   0   0   0   0   0   0   0   0   0   1   1   1
   0   0   0   0   0   0   0   0   0   0   0   0   0   0   0   0   0   0   0   0   0   0   0   0   0   1   1   1
   0   0   0   0   0   0   0   0   0   0   0   0   0   0   0   0   0   0   0   0   0   0   0   0   0   0   0   1
   0   0   0   0   0   0   0   0   0   0   0   0   0   0   0   0   0   0   0   0   0   0   0   0   0   0   0   1
   0   0   0   0   0   0   0   0   0   0   0   0   0   0   0   0   0   0   0   0   0   0   0   0   0   0   0   0

Complete search (recursion):
Elapsed time is 99.930098 seconds.
Global hypotheses (GH) total number: 423
 
           TH1    TH2    TH3    TH4    TH5    TH6    TH7    TH8    TH9    TH10    TH11    TH12    TH13    TH14    TH15    TH16    TH17    TH18    TH19    TH20    TH21    TH22    TH23    TH24    TH25    TH26    TH27    TH28    sum(w)
           ___    ___    ___    ___    ___    ___    ___    ___    ___    ____    ____    ____    ____    ____    ____    ____    ____    ____    ____    ____    ____    ____    ____    ____    ____    ____    ____    ____    ______

    GH1     1      0      0      0      0      0      0      0      1      0       1       0       1       1       1       0       1       0       0       0       1       1       1       0       1       1       0       1      64.363
    GH2     1      0      0      0      0      1      0      0      1      0       1       0       1       1       1       0       1       0       0       0       1       0       1       0       1       1       0       1       63.62
    GH3     1      0      0      0      0      0      0      0      0      0       1       0       1       1       1       0       1       0       1       0       1       1       1       0       1       1       0       1      63.589
    GH4     1      0      0      0      0      0      0      0      1      0       1       0       1       0       1       0       1       1       0       0       1       1       1       0       1       1       0       1      62.454
    GH5     1      0      0      0      0      0      0      1      1      0       1       1       1       1       1       0       1       0       0       0       1       1       0       0       1       1       0       0      62.401
    GH6     1      1      0      0      0      0      0      0      1      0       1       0       1       1       1       0       1       0       0       1       1       1       0       0       1       0       0       1      62.377
    GH7     1      1      0      0      0      0      1      0      1      0       1       0       1       0       1       0       1       1       0       1       1       1       0       0       1       0       1       1      62.214
    GH8     1      1      0      0      0      0      1      1      1      0       1       1       1       0       1       1       0       1       0       1       1       1       0       0       1       0       1       0      62.111

Mixed-Integer Linear Programming 1-st best solution:
Elapsed time is 0.006448 seconds.
           TH1    TH2    TH3    TH4    TH5    TH6    TH7    TH8    TH9    TH10    TH11    TH12    TH13    TH14    TH15    TH16    TH17    TH18    TH19    TH20    TH21    TH22    TH23    TH24    TH25    TH26    TH27    TH28    sum(w)
           ___    ___    ___    ___    ___    ___    ___    ___    ___    ____    ____    ____    ____    ____    ____    ____    ____    ____    ____    ____    ____    ____    ____    ____    ____    ____    ____    ____    ______

    GH1     1      0      0      0      0      0      0      0      1      0       1       0       1       1       1       0       1       0       0       0       1       1       1       0       1       1       0       1      64.363

------------------------------------------------------
Var 7:
TH weights:
w = 
    5.1126    6.4938    0.8851    1.0839    1.0626    1.9035    8.1904    6.9554    1.9811    3.4464    1.5914    8.6881    4.9181    5.4829    1.2896    1.8313    0.2359    2.9018    0.5913    5.1577    9.9793    5.2685    5.8131    2.7139    2.2594    4.5554    0.7100    2.9780

TH compatibility matrix:
   0   1   1   1   1   1   1   1   1   0   1   1   1   1   1   1   1   1   1   1   1   1   1   1   1   1   1   1
   0   0   1   1   1   1   1   1   1   1   1   0   1   1   1   1   1   1   1   1   1   1   1   1   1   1   1   1
   0   0   0   1   1   0   1   1   1   1   1   1   1   1   1   1   1   1   1   1   1   1   1   1   1   1   1   1
   0   0   0   0   0   1   0   1   1   1   0   1   1   1   0   1   0   1   1   1   1   1   1   1   1   1   1   1
   0   0   0   0   0   1   1   0   1   1   1   1   1   1   1   1   1   1   1   1   1   1   1   1   1   1   1   1
   0   0   0   0   0   0   1   1   0   1   1   0   1   0   1   1   1   1   1   1   1   1   1   1   1   1   0   1
   0   0   0   0   0   0   0   1   1   1   0   1   1   1   1   1   1   1   1   1   1   1   1   1   1   1   1   1
   0   0   0   0   0   0   0   0   1   1   1   1   1   1   1   1   1   1   1   1   1   1   1   1   1   1   0   1
   0   0   0   0   0   0   0   0   0   1   1   1   0   1   1   1   1   1   0   1   1   1   1   1   1   1   1   1
   0   0   0   0   0   0   0   0   0   0   1   1   1   1   1   1   1   0   1   1   1   1   1   1   1   1   1   0
   0   0   0   0   0   0   0   0   0   0   0   1   1   1   1   1   1   1   0   1   1   1   1   1   1   1   1   1
   0   0   0   0   0   0   0   0   0   0   0   0   1   1   1   1   1   1   1   1   1   1   1   1   1   1   1   1
   0   0   0   0   0   0   0   0   0   0   0   0   0   1   1   1   0   1   1   1   1   0   1   1   1   1   1   1
   0   0   0   0   0   0   0   0   0   0   0   0   0   0   1   1   1   1   1   1   1   1   1   1   1   1   1   1
   0   0   0   0   0   0   0   0   0   0   0   0   0   0   0   1   1   0   1   1   1   1   1   1   1   1   1   1
   0   0   0   0   0   0   0   0   0   0   0   0   0   0   0   0   1   1   1   1   1   1   0   0   1   1   1   1
   0   0   0   0   0   0   0   0   0   0   0   0   0   0   0   0   0   1   1   1   1   1   1   1   1   1   1   1
   0   0   0   0   0   0   0   0   0   0   0   0   0   0   0   0   0   0   0   1   0   1   0   1   1   0   1   0
   0   0   0   0   0   0   0   0   0   0   0   0   0   0   0   0   0   0   0   1   1   1   0   1   1   1   1   1
   0   0   0   0   0   0   0   0   0   0   0   0   0   0   0   0   0   0   0   0   1   1   1   1   1   1   1   0
   0   0   0   0   0   0   0   0   0   0   0   0   0   0   0   0   0   0   0   0   0   1   1   1   1   1   1   1
   0   0   0   0   0   0   0   0   0   0   0   0   0   0   0   0   0   0   0   0   0   0   1   1   1   1   0   1
   0   0   0   0   0   0   0   0   0   0   0   0   0   0   0   0   0   0   0   0   0   0   0   1   1   1   1   1
   0   0   0   0   0   0   0   0   0   0   0   0   0   0   0   0   0   0   0   0   0   0   0   0   1   1   0   1
   0   0   0   0   0   0   0   0   0   0   0   0   0   0   0   0   0   0   0   0   0   0   0   0   0   1   1   1
   0   0   0   0   0   0   0   0   0   0   0   0   0   0   0   0   0   0   0   0   0   0   0   0   0   0   1   1
   0   0   0   0   0   0   0   0   0   0   0   0   0   0   0   0   0   0   0   0   0   0   0   0   0   0   0   0
   0   0   0   0   0   0   0   0   0   0   0   0   0   0   0   0   0   0   0   0   0   0   0   0   0   0   0   0

Complete search (recursion):
Elapsed time is 164.098945 seconds.
Global hypotheses (GH) total number: 364
 
           TH1    TH2    TH3    TH4    TH5    TH6    TH7    TH8    TH9    TH10    TH11    TH12    TH13    TH14    TH15    TH16    TH17    TH18    TH19    TH20    TH21    TH22    TH23    TH24    TH25    TH26    TH27    TH28    sum(w)
           ___    ___    ___    ___    ___    ___    ___    ___    ___    ____    ____    ____    ____    ____    ____    ____    ____    ____    ____    ____    ____    ____    ____    ____    ____    ____    ____    ____    ______

    GH1     1      0      1      0      0      0      1      1      1      0       0       1       0       1       1       0       1       0       0       1       1       1       1       1       1       1       0       0      74.568
    GH2     0      0      1      0      0      0      1      1      1      1       0       1       0       1       1       0       1       0       0       1       1       1       1       1       1       1       0       0      72.902
    GH3     1      0      1      0      0      0      1      1      1      0       0       1       0       1       1       0       1       0       0       0       1       1       1       1       1       1       0       1      72.389
    GH4     1      1      1      0      0      0      1      1      1      0       0       0       0       1       1       0       1       0       0       1       1       1       1       1       1       1       0       0      72.374
    GH5     1      0      1      0      0      0      1      1      0      0       0       1       1       1       1       0       0       0       0       1       1       0       1       1       1       1       0       0      72.001
    GH6     0      1      1      0      0      0      1      1      1      1       0       0       0       1       1       0       1       0       0       1       1       1       1       1       1       1       0       0      70.708
    GH7     0      0      1      0      0      0      1      1      0      1       0       1       1       1       1       0       0       0       0       1       1       0       1       1       1       1       0       0      70.335
    GH8     1      1      1      0      0      0      1      1      1      0       0       0       0       1       1       0       1       0       0       0       1       1       1       1       1       1       0       1      70.194

Mixed-Integer Linear Programming 1-st best solution:
Elapsed time is 0.005967 seconds.
           TH1    TH2    TH3    TH4    TH5    TH6    TH7    TH8    TH9    TH10    TH11    TH12    TH13    TH14    TH15    TH16    TH17    TH18    TH19    TH20    TH21    TH22    TH23    TH24    TH25    TH26    TH27    TH28    sum(w)
           ___    ___    ___    ___    ___    ___    ___    ___    ___    ____    ____    ____    ____    ____    ____    ____    ____    ____    ____    ____    ____    ____    ____    ____    ____    ____    ____    ____    ______

    GH1     1      0      1      0      0      0      1      1      1      0       0       1       0       1       1       0       1       0       0       1       1       1       1       1       1       1       0       0      74.568

------------------------------------------------------
Var 8:
TH weights:
w = 
    1.1454    6.9999    1.5039    2.7118    3.4971    0.3484    0.2810    5.2440    0.1953    0.3786    0.1642    6.1802    4.3070    0.9591    0.8366    1.2314    7.6299    2.9784    4.2289    2.7962    0.1519    1.9856    4.9628    2.1624    6.6458   12.1192    3.3713    0.1355

TH compatibility matrix:
   0   1   1   1   1   1   1   1   1   1   1   0   1   1   1   1   1   1   1   1   1   1   1   1   1   1   1   1
   0   0   1   1   1   1   1   1   1   1   1   1   1   1   1   1   1   0   1   1   1   1   1   1   1   1   1   0
   0   0   0   1   1   1   1   1   1   1   1   1   1   1   1   1   1   1   1   1   1   1   1   1   1   0   1   1
   0   0   0   0   1   1   1   1   1   1   1   1   1   1   1   0   1   1   1   1   1   1   1   1   1   1   1   0
   0   0   0   0   0   1   1   1   1   1   1   0   0   1   0   1   1   1   1   1   1   1   1   1   1   1   1   1
   0   0   0   0   0   0   1   1   1   1   1   0   1   1   1   1   1   1   1   1   1   1   1   1   1   1   0   0
   0   0   0   0   0   0   0   1   0   0   1   0   1   1   1   1   1   1   0   1   1   1   1   1   1   1   1   1
   0   0   0   0   0   0   0   0   1   1   1   1   1   1   1   1   1   1   1   1   1   1   1   1   0   1   1   1
   0   0   0   0   0   0   0   0   0   1   0   0   1   1   0   1   1   1   1   1   1   1   1   0   1   1   1   1
   0   0   0   0   0   0   0   0   0   0   1   0   1   0   1   1   0   1   1   1   1   1   1   0   1   1   1   1
   0   0   0   0   0   0   0   0   0   0   0   1   1   1   1   1   1   1   1   1   1   1   1   1   1   1   1   1
   0   0   0   0   0   0   0   0   0   0   0   0   1   1   1   1   1   1   1   0   1   0   1   1   1   1   1   1
   0   0   0   0   0   0   0   0   0   0   0   0   0   1   1   1   0   1   1   1   0   1   1   1   1   1   1   0
   0   0   0   0   0   0   0   0   0   0   0   0   0   0   1   0   1   1   0   1   1   1   1   1   1   0   1   1
   0   0   0   0   0   0   0   0   0   0   0   0   0   0   0   1   1   1   0   1   1   0   1   1   0   1   1   1
   0   0   0   0   0   0   0   0   0   0   0   0   0   0   0   0   1   1   1   1   1   1   1   1   1   1   1   1
   0   0   0   0   0   0   0   0   0   0   0   0   0   0   0   0   0   1   1   1   1   0   1   1   1   1   1   0
   0   0   0   0   0   0   0   0   0   0   0   0   0   0   0   0   0   0   0   1   1   1   1   0   1   1   0   1
   0   0   0   0   0   0   0   0   0   0   0   0   0   0   0   0   0   0   0   1   1   1   1   1   1   1   1   1
   0   0   0   0   0   0   0   0   0   0   0   0   0   0   0   0   0   0   0   0   1   1   1   1   1   1   1   1
   0   0   0   0   0   0   0   0   0   0   0   0   0   0   0   0   0   0   0   0   0   1   0   1   1   1   1   1
   0   0   0   0   0   0   0   0   0   0   0   0   0   0   0   0   0   0   0   0   0   0   1   1   1   1   1   1
   0   0   0   0   0   0   0   0   0   0   0   0   0   0   0   0   0   0   0   0   0   0   0   1   1   1   1   1
   0   0   0   0   0   0   0   0   0   0   0   0   0   0   0   0   0   0   0   0   0   0   0   0   1   1   1   1
   0   0   0   0   0   0   0   0   0   0   0   0   0   0   0   0   0   0   0   0   0   0   0   0   0   1   1   1
   0   0   0   0   0   0   0   0   0   0   0   0   0   0   0   0   0   0   0   0   0   0   0   0   0   0   0   1
   0   0   0   0   0   0   0   0   0   0   0   0   0   0   0   0   0   0   0   0   0   0   0   0   0   0   0   1
   0   0   0   0   0   0   0   0   0   0   0   0   0   0   0   0   0   0   0   0   0   0   0   0   0   0   0   0

Complete search (recursion):
Elapsed time is 107.196268 seconds.
Global hypotheses (GH) total number: 577
 
           TH1    TH2    TH3    TH4    TH5    TH6    TH7    TH8    TH9    TH10    TH11    TH12    TH13    TH14    TH15    TH16    TH17    TH18    TH19    TH20    TH21    TH22    TH23    TH24    TH25    TH26    TH27    TH28    sum(w)
           ___    ___    ___    ___    ___    ___    ___    ___    ___    ____    ____    ____    ____    ____    ____    ____    ____    ____    ____    ____    ____    ____    ____    ____    ____    ____    ____    ____    ______

    GH1     1      1      0      1      1      1      0      0      0      0       1       0       0       0       0       0       1       0       1       1       0       0       1       1       1       1       0       0      55.412
    GH2     1      1      0      1      1      1      0      1      0      0       1       0       0       0       0       0       1       0       1       1       0       0       1       1       0       1       0       0       54.01
    GH3     1      1      0      0      1      1      0      0      0      0       1       0       0       0       0       1       1       0       1       1       0       0       1       1       1       1       0       0      53.932
    GH4     0      1      0      1      0      0      0      0      0      0       1       1       0       0       0       0       1       0       1       0       0       0       1       1       1       1       0       0      53.805
    GH5     1      1      0      1      1      1      0      0      1      0       0       0       0       0       0       0       1       0       1       1       0       0       1       0       1       1       0       0      53.281
    GH6     1      1      0      0      1      1      0      1      0      0       1       0       0       0       0       1       1       0       1       1       0       0       1       1       0       1       0       0       52.53
    GH7     0      1      0      1      0      0      0      1      0      0       1       1       0       0       0       0       1       0       1       0       0       0       1       1       0       1       0       0      52.403
    GH8     0      1      0      0      0      0      0      0      0      0       1       1       0       0       0       1       1       0       1       0       0       0       1       1       1       1       0       0      52.325

Mixed-Integer Linear Programming 1-st best solution:
Elapsed time is 0.006599 seconds.
           TH1    TH2    TH3    TH4    TH5    TH6    TH7    TH8    TH9    TH10    TH11    TH12    TH13    TH14    TH15    TH16    TH17    TH18    TH19    TH20    TH21    TH22    TH23    TH24    TH25    TH26    TH27    TH28    sum(w)
           ___    ___    ___    ___    ___    ___    ___    ___    ___    ____    ____    ____    ____    ____    ____    ____    ____    ____    ____    ____    ____    ____    ____    ____    ____    ____    ____    ____    ______

    GH1     1      1      0      1      1      1      0      0      0      0       1       0       0       0       0       0       1       0       1       1       0       0       1       1       1       1       0       0      55.412

------------------------------------------------------
Var 9:
TH weights:
w = 
    0.7329    8.5561    7.7300    6.9378    1.2971   11.5921    6.2395    8.7543    6.0591   10.9054    1.4519    0.1300   11.3978    0.0654    2.4248    3.3075    0.2640    1.4704    0.8027    1.9881    0.1717    1.0974    3.8456    0.7932    1.3925    0.6745    2.1971   12.4539

TH compatibility matrix:
   0   1   1   1   1   1   1   1   1   1   0   1   1   0   1   1   1   1   1   1   1   1   1   1   0   1   1   1
   0   0   1   1   1   1   1   1   1   1   1   0   1   1   1   1   1   1   1   1   1   1   1   1   1   1   1   1
   0   0   0   1   1   1   1   1   1   1   1   1   1   1   1   1   1   1   1   1   1   1   1   1   1   1   1   1
   0   0   0   0   0   1   1   1   1   1   1   1   1   0   1   1   1   1   0   1   1   1   1   1   1   1   1   1
   0   0   0   0   0   1   0   1   1   0   1   1   1   1   1   1   1   1   1   1   1   1   1   1   1   1   1   1
   0   0   0   0   0   0   1   1   1   1   1   1   1   1   1   1   1   1   1   1   1   1   1   1   1   1   1   1
   0   0   0   0   0   0   0   1   1   1   1   1   1   1   1   1   1   1   1   1   1   1   1   1   1   1   1   1
   0   0   0   0   0   0   0   0   1   1   1   1   1   1   1   1   1   1   1   1   1   1   1   1   0   0   1   1
   0   0   0   0   0   0   0   0   0   1   1   1   1   1   1   0   1   1   1   1   1   1   1   1   1   1   1   1
   0   0   0   0   0   0   0   0   0   0   1   1   1   1   1   1   1   1   1   1   1   1   1   1   1   1   1   1
   0   0   0   0   0   0   0   0   0   0   0   1   1   1   1   1   1   1   1   1   0   1   0   1   1   1   1   1
   0   0   0   0   0   0   0   0   0   0   0   0   1   1   0   1   0   1   1   1   0   1   1   1   0   1   1   1
   0   0   0   0   0   0   0   0   0   0   0   0   0   1   1   1   0   1   1   1   1   1   1   1   1   1   1   1
   0   0   0   0   0   0   0   0   0   0   0   0   0   0   1   1   1   0   1   1   1   1   1   0   1   1   0   1
   0   0   0   0   0   0   0   0   0   0   0   0   0   0   0   1   1   1   1   1   1   1   1   1   1   1   1   1
   0   0   0   0   0   0   0   0   0   0   0   0   0   0   0   0   0   1   1   1   1   1   1   1   0   1   1   1
   0   0   0   0   0   0   0   0   0   0   0   0   0   0   0   0   0   0   1   0   1   1   1   1   1   1   1   1
   0   0   0   0   0   0   0   0   0   0   0   0   0   0   0   0   0   0   1   1   1   1   1   1   1   1   1   1
   0   0   0   0   0   0   0   0   0   0   0   0   0   0   0   0   0   0   0   1   1   1   1   1   1   1   1   1
   0   0   0   0   0   0   0   0   0   0   0   0   0   0   0   0   0   0   0   0   1   0   1   1   1   1   1   1
   0   0   0   0   0   0   0   0   0   0   0   0   0   0   0   0   0   0   0   0   0   1   1   1   1   1   1   1
   0   0   0   0   0   0   0   0   0   0   0   0   0   0   0   0   0   0   0   0   0   0   1   1   1   1   1   1
   0   0   0   0   0   0   0   0   0   0   0   0   0   0   0   0   0   0   0   0   0   0   0   1   1   1   1   1
   0   0   0   0   0   0   0   0   0   0   0   0   0   0   0   0   0   0   0   0   0   0   0   0   1   1   1   1
   0   0   0   0   0   0   0   0   0   0   0   0   0   0   0   0   0   0   0   0   0   0   0   0   0   1   1   1
   0   0   0   0   0   0   0   0   0   0   0   0   0   0   0   0   0   0   0   0   0   0   0   0   0   0   1   1
   0   0   0   0   0   0   0   0   0   0   0   0   0   0   0   0   0   0   0   0   0   0   0   0   0   0   0   1
   0   0   0   0   0   0   0   0   0   0   0   0   0   0   0   0   0   0   0   0   0   0   0   0   0   0   0   0

Complete search (recursion):
Elapsed time is 223.531070 seconds.
Global hypotheses (GH) total number: 189
 
           TH1    TH2    TH3    TH4    TH5    TH6    TH7    TH8    TH9    TH10    TH11    TH12    TH13    TH14    TH15    TH16    TH17    TH18    TH19    TH20    TH21    TH22    TH23    TH24    TH25    TH26    TH27    TH28    sum(w)
           ___    ___    ___    ___    ___    ___    ___    ___    ___    ____    ____    ____    ____    ____    ____    ____    ____    ____    ____    ____    ____    ____    ____    ____    ____    ____    ____    ____    ______

    GH1     1      1      1      1      0      1      1      1      1      1       0       0       1       0       1       0       0       1       0       1       1       0       1       1       0       0       1       1      104.25
    GH2     1      1      1      1      0      1      1      1      1      1       0       0       1       0       1       0       0       1       0       0       1       1       1       1       0       0       1       1      103.36
    GH3     1      1      1      1      0      1      1      1      0      1       0       0       1       0       1       1       0       1       0       1       1       0       1       1       0       0       1       1       101.5
    GH4     0      1      1      1      0      1      1      1      1      1       1       0       1       0       1       0       0       1       0       1       0       0       0       1       0       0       1       1      100.95
    GH5     1      1      1      1      0      1      1      1      0      1       0       0       1       0       1       1       0       1       0       0       1       1       1       1       0       0       1       1      100.61
    GH6     0      1      1      1      0      1      1      1      1      1       1       0       1       0       1       0       0       1       0       0       0       1       0       1       0       0       1       1      100.06
    GH7     0      1      1      1      0      1      1      1      0      1       1       0       1       0       1       1       0       1       0       1       0       0       0       1       0       0       1       1        98.2
    GH8     1      1      1      0      0      1      1      1      1      1       0       0       1       0       1       0       0       1       1       1       1       0       1       1       0       0       1       1      98.115

Mixed-Integer Linear Programming 1-st best solution:
Elapsed time is 0.006553 seconds.
           TH1    TH2    TH3    TH4    TH5    TH6    TH7    TH8    TH9    TH10    TH11    TH12    TH13    TH14    TH15    TH16    TH17    TH18    TH19    TH20    TH21    TH22    TH23    TH24    TH25    TH26    TH27    TH28    sum(w)
           ___    ___    ___    ___    ___    ___    ___    ___    ___    ____    ____    ____    ____    ____    ____    ____    ____    ____    ____    ____    ____    ____    ____    ____    ____    ____    ____    ____    ______

    GH1     1      1      1      1      0      1      1      1      1      1       0       0       1       0       1       0       0       1       0       1       1       0       1       1       0       0       1       1      104.25

------------------------------------------------------
Var 10:
TH weights:
w = 
    0.2651    9.0549    2.4429    1.2812    1.3307    3.7778    8.1834    1.1499   10.0754    2.0518    1.7285    2.1045    7.4367    6.3412    4.4906    8.8235    0.1094    5.2609    1.5481    2.1420    4.1189    3.6614    3.7000    2.0298    0.9968    5.8923    5.6270    4.9405

TH compatibility matrix:
   0   1   1   0   1   1   1   1   1   1   1   1   1   1   1   1   0   1   1   1   1   1   1   1   1   0   1   1
   0   0   1   1   1   1   1   1   1   1   1   1   1   1   1   1   1   1   1   0   1   1   1   1   1   1   1   1
   0   0   0   1   1   1   1   1   1   1   1   1   1   1   1   1   0   1   1   1   1   1   1   1   1   1   1   1
   0   0   0   0   1   1   1   1   1   1   1   1   0   1   1   1   1   1   1   1   0   1   1   1   1   1   1   1
   0   0   0   0   0   1   1   1   0   1   1   0   0   1   1   1   1   1   1   1   1   1   1   1   0   1   1   1
   0   0   0   0   0   0   0   1   1   1   1   1   1   1   1   1   1   1   1   1   1   1   1   1   1   1   1   1
   0   0   0   0   0   0   0   1   1   1   1   1   1   0   1   0   1   1   1   1   1   1   1   1   1   1   1   1
   0   0   0   0   0   0   0   0   1   1   1   1   1   1   1   1   1   1   1   1   1   1   1   1   1   1   1   1
   0   0   0   0   0   0   0   0   0   1   1   0   1   1   1   1   0   1   1   1   1   1   1   1   1   1   1   1
   0   0   0   0   0   0   0   0   0   0   1   1   1   0   1   1   1   1   1   1   1   1   1   1   1   1   0   1
   0   0   0   0   0   0   0   0   0   0   0   1   1   1   1   1   1   1   1   1   1   1   1   1   1   1   0   1
   0   0   0   0   0   0   0   0   0   0   0   0   1   1   0   1   1   1   0   1   1   1   1   1   1   1   1   1
   0   0   0   0   0   0   0   0   0   0   0   0   0   1   1   1   1   1   1   1   0   1   0   1   1   1   1   1
   0   0   0   0   0   0   0   0   0   0   0   0   0   0   1   1   1   1   1   1   0   0   0   1   1   1   1   1
   0   0   0   0   0   0   0   0   0   0   0   0   0   0   0   1   0   1   1   1   1   1   0   1   0   1   1   1
   0   0   0   0   0   0   0   0   0   0   0   0   0   0   0   0   1   1   1   1   1   1   1   1   1   1   1   1
   0   0   0   0   0   0   0   0   0   0   0   0   0   0   0   0   0   1   1   0   1   1   1   1   1   1   1   1
   0   0   0   0   0   0   0   0   0   0   0   0   0   0   0   0   0   0   1   1   0   1   1   1   1   1   0   1
   0   0   0   0   0   0   0   0   0   0   0   0   0   0   0   0   0   0   0   1   1   1   1   1   1   1   1   1
   0   0   0   0   0   0   0   0   0   0   0   0   0   0   0   0   0   0   0   0   1   1   1   1   0   1   1   1
   0   0   0   0   0   0   0   0   0   0   0   0   0   0   0   0   0   0   0   0   0   0   1   1   1   1   1   1
   0   0   0   0   0   0   0   0   0   0   0   0   0   0   0   0   0   0   0   0   0   0   1   1   0   1   1   1
   0   0   0   0   0   0   0   0   0   0   0   0   0   0   0   0   0   0   0   0   0   0   0   1   1   0   1   1
   0   0   0   0   0   0   0   0   0   0   0   0   0   0   0   0   0   0   0   0   0   0   0   0   1   1   1   1
   0   0   0   0   0   0   0   0   0   0   0   0   0   0   0   0   0   0   0   0   0   0   0   0   0   1   1   1
   0   0   0   0   0   0   0   0   0   0   0   0   0   0   0   0   0   0   0   0   0   0   0   0   0   0   1   1
   0   0   0   0   0   0   0   0   0   0   0   0   0   0   0   0   0   0   0   0   0   0   0   0   0   0   0   1
   0   0   0   0   0   0   0   0   0   0   0   0   0   0   0   0   0   0   0   0   0   0   0   0   0   0   0   0

Complete search (recursion):
Elapsed time is 113.212187 seconds.
Global hypotheses (GH) total number: 326
 
           TH1    TH2    TH3    TH4    TH5    TH6    TH7    TH8    TH9    TH10    TH11    TH12    TH13    TH14    TH15    TH16    TH17    TH18    TH19    TH20    TH21    TH22    TH23    TH24    TH25    TH26    TH27    TH28    sum(w)
           ___    ___    ___    ___    ___    ___    ___    ___    ___    ____    ____    ____    ____    ____    ____    ____    ____    ____    ____    ____    ____    ____    ____    ____    ____    ____    ____    ____    ______

    GH1     0      1      1      0      0      1      0      1      1      0       1       0       1       1       1       1       0       1       1       0       0       0       0       1       0       1       0       1      74.993
    GH2     0      1      1      0      0      1      0      1      1      1       1       0       1       0       1       1       0       1       1       0       0       1       0       1       0       1       0       1      74.365
    GH3     0      1      1      0      0      1      0      1      1      0       0       0       1       1       1       1       0       0       1       0       0       0       0       1       0       1       1       1      73.631
    GH4     0      1      1      0      0      1      0      1      1      0       1       0       1       1       0       1       0       1       1       0       0       0       0       1       1       1       0       1      71.499
    GH5     0      1      1      0      0      1      0      1      1      0       0       0       1       0       1       1       0       0       1       0       0       1       0       1       0       1       1       1      70.951
    GH6     0      1      1      0      0      1      0      1      1      0       0       0       1       1       0       1       0       0       1       0       0       0       0       1       1       1       1       1      70.137
    GH7     0      1      1      0      0      0      1      1      1      1       1       0       1       0       1       0       0       1       1       0       0       1       0       1       0       1       0       1      69.947
    GH8     1      1      1      0      0      1      0      1      1      0       1       0       1       1       1       1       0       1       1       0       0       0       0       1       0       0       0       1      69.366

Mixed-Integer Linear Programming 1-st best solution:
Elapsed time is 0.006918 seconds.
           TH1    TH2    TH3    TH4    TH5    TH6    TH7    TH8    TH9    TH10    TH11    TH12    TH13    TH14    TH15    TH16    TH17    TH18    TH19    TH20    TH21    TH22    TH23    TH24    TH25    TH26    TH27    TH28    sum(w)
           ___    ___    ___    ___    ___    ___    ___    ___    ___    ____    ____    ____    ____    ____    ____    ____    ____    ____    ____    ____    ____    ____    ____    ____    ____    ____    ____    ____    ______

    GH1     0      1      1      0      0      1      0      1      1      0       1       0       1       1       1       1       0       1       1       0       0       0       0       1       0       1       0       1      74.993

>> 